/TZB_20_3_100_1.txt
20
3
10 7 7 5 9 9 8 8 8 6 7 6 6 8 10 10 6 10 6 5 
10 10 6 6 6 8 9 6 6 9 6 8 8 9 9 6 9 7 10 5 
5 10 5 7 6 7 8 8 9 7 5 9 10 5 8 7 5 7 8 7 

9 9 9 7 6 6 5 5 8 9 7 6 6 6 7 10 6 7 8 
9 5 6 9 7 9 8 8 9 8 9 10 8 8 6 6 5 5 
9 6 8 9 9 5 7 7 10 10 8 8 6 6 7 8 8 
9 9 5 6 7 10 8 10 9 6 7 7 6 6 6 5 
5 8 9 6 8 5 9 5 7 8 8 10 5 9 10 
7 10 6 8 8 5 7 7 5 6 8 9 9 10 
9 8 8 7 9 8 8 6 6 9 6 10 5 
5 8 7 9 6 6 6 6 10 10 7 6 
10 7 8 9 5 10 10 5 9 10 5 
8 10 8 7 9 7 6 7 9 5 
8 10 9 8 6 6 8 7 5 
8 6 6 7 5 6 6 10 
6 5 8 7 8 9 9 
7 6 10 10 6 7 
9 6 9 7 10 
10 6 10 9 
7 6 9 
9 10 
8 

302 317 516 
87 96 79 84 74 92 94 77 83 72 77 91 76 93 98 95 95 73 53 55 

Density:100%